time,x,y,z,phi,theta,psi,x_velocity,y_velocity,z_velocity,phi_velocity,theta_velocity,psi_velocity,rotor_speed1,rotor_speed2,rotor_speed3,rotor_speed4
0.06,-8.8288151012e-07,2.2528618324e-06,10.0049294438,0.00127620467811,0.00061998920645,0.0,-7.00757569985e-05,0.000166022795219,0.164304604588,0.0460993381108,0.0255568370736,0.0,456.02020062392216,458.05667958984554,454.8140837177265,458.4907702769643
0.12000000000000001,-2.90438410879e-05,5.83037611701e-05,10.0227945134,0.00420494505011,0.00265156577391,0.0,-0.001099176977,0.00206366171222,0.431133841926,0.0537489902788,0.0467274772649,0.0,486.5305140026255,488.1130576510171,486.430875565237,487.0045269196378
0.18,-0.000154191026294,0.000271890429567,10.0496985336,0.00742305977812,0.00519351482506,0.0,-0.00332080365503,0.00535320793915,0.465650639946,0.0534068694772,0.0317845801802,0.0,415.4327974978898,414.1217728657487,416.8610685464157,416.8332861324913
0.23999999999999996,-0.000474900546001,0.000768511570699,10.081862755,0.0106293118193,0.00718596432189,0.0,-0.00757997881046,0.011546617344,0.606421155895,0.0534987694945,0.0359108715937,0.0,449.66760895296215,450.00211442904964,449.9825667793243,449.9918487170732
0.3,-0.00110696127169,0.00172424705449,10.1239404269,0.0144279091229,0.00947283872241,0.0,-0.0137442533935,0.0207196243348,0.796047760097,0.0779448348833,0.0421921684698,0.0,464.90965794134104,465.40210836368,463.6805937779463,465.5994239923266
0.36000000000000004,-0.00214803400667,0.00329948149644,10.1757601553,0.0187881490852,0.0124169282737,0.0,-0.0212535893245,0.0322741042014,0.931164686781,0.0592015772862,0.0601336443333,0.0,448.52604924058096,449.9820172812405,448.71951045834595,447.1995100848266
0.4200000000000001,-0.00368550311122,0.00562591956586,10.2340037962,0.0227202274602,0.0155952007453,0.0,-0.0303366476135,0.0456447633933,1.01021058219,0.0758778593323,0.0321076238383,0.0,433.0543011074472,430.6925009703542,429.72970882857567,431.14406339762854
0.48000000000000015,-0.00583486315674,0.00885062858599,10.2975859554,0.0270396183121,0.0174998869705,0.0,-0.0415024123398,0.0622964009977,1.10908881199,0.062791482584,0.0310091485363,0.0,438.68724040083856,438.5964067095778,437.2591457415221,436.17177900884263
0.5400000000000001,-0.00877413438854,0.0132874920194,10.3716345236,0.0314611893283,0.0190853728437,0.0,-0.0566852988411,0.0861072558996,1.35891392471,0.0895286407165,0.0151655518506,0.0,484.19670291965434,483.00352062903903,482.3229274369877,484.3413250821447
0.6000000000000002,-0.0125999328203,0.0191687302978,10.4575297636,0.036853923676,0.0194641089422,0.0,-0.0709222924659,0.110512782741,1.5040580338,0.0905699095383,-0.0245191428554,0.0,454.75851478408947,451.56883341485536,452.7689319418354,452.8592795981623
0.6600000000000003,-0.0172457871438,0.0265687269674,10.5504292565,0.0420809910456,0.0182385970454,0.0,-0.0838031783521,0.136684579692,1.592452248,0.0791277278188,-0.0132889835844,0.0,435.7273066510714,436.66505078171895,435.5975035986602,434.6460985927369
0.7200000000000003,-0.0226756457611,0.0357229385715,10.6504962662,0.0464370969219,0.0172277442503,0.0,-0.0970906399328,0.168949632157,1.74287422517,0.0545072851389,-0.0251332569787,0.0,454.7451039038078,453.7954930755168,457.39786959294355,455.43682839047364
0.7800000000000004,-0.0288849618475,0.0469228547744,10.7599974116,0.0496640497181,0.0160571482394,0.0,-0.109735093677,0.204729969185,1.90688641207,0.052292770188,-0.0101379594085,0.0,458.7421126697918,459.9312199338598,460.72447019530523,460.5511631562675
0.8400000000000004,-0.0358245144415,0.0603241825189,10.8789812201,0.0530291107615,0.0156988297114,0.0,-0.121527522041,0.242324163437,2.05895712538,0.0627529137381,0.0012748462057,0.0,456.2413242907261,457.151664111913,456.78864583601995,457.62399989089914
0.9000000000000005,-0.0434833442033,0.0761144234905,11.0081350201,0.056671204716,0.0162096378154,0.0,-0.133798670644,0.284422470165,2.24579150816,0.0562482021099,0.0200526815357,0.0,466.80380632017284,468.2666614173834,468.7813146785284,468.278024775634
0.9600000000000005,-0.0518730472562,0.0944323166274,11.1470762177,0.0602582499122,0.018464111632,0.0,-0.146054319327,0.326531738389,2.38526856334,0.0660520419867,0.0595877903329,0.0,452.6370575773121,455.80801514986285,454.4016187973119,455.1892352743884
1.0200000000000005,-0.0610620794582,0.115370730614,11.2946068464,0.0642492872584,0.0233862933167,0.0,-0.160725109009,0.371826170086,2.53205920739,0.0674314682838,0.107658397515,0.0,456.1089748354672,459.93642813331746,456.76148163900797,456.8746371212037
1.0800000000000005,-0.0711670118046,0.13889553471,11.4475712594,0.0682649221858,0.0301476665474,0.0,-0.176716628028,0.412696900302,2.56662690109,0.0658997773069,0.121212651812,0.0,422.3146970613313,423.49406608367593,422.35398928622095,422.225468956314
1.1400000000000006,-0.0824363731421,0.165112289772,11.6050001618,0.0720932303769,0.037416685722,0.0,-0.199678433042,0.461576520129,2.68067550684,0.0592493966833,0.121025486677,0.0,448.86740312670867,448.86531192185663,448.1805020420103,447.64258918137506
1.2000000000000006,-0.0953395707186,0.19453245317,11.7718940878,0.0760520586245,0.0448237924183,0.0,-0.231268983946,0.519495031204,2.88188396018,0.0768542044576,0.127905327871,0.0,474.7699428609937,475.3102067792238,475.21593000506255,476.56629679207356
1.2600000000000007,-0.110243135672,0.227402712726,11.949267947,0.0805506897341,0.0528406880146,0.0,-0.266358486311,0.576639325358,3.03009457174,0.0709332598466,0.143099272688,0.0,459.8838306655043,461.10134685811187,461.3714056435016,460.9078684474572
1.3200000000000007,-0.127113017941,0.263320406822,12.129657722,0.084593307204,0.0615122018914,0.0,-0.296671590544,0.620951567826,2.98293720043,0.0591018709849,0.14723153813,0.0,397.86847727029453,398.2687987544125,398.76791485465185,397.68957083199876
1.3800000000000008,-0.146053173694,0.302106412508,12.3089308394,0.0883954160892,0.0701104675265,0.0,-0.335440927528,0.672227504888,2.99270559757,0.0707645424833,0.134002192022,0.0,418.840071183456,417.7083551743496,416.4994611523784,417.5214201957178
1.4400000000000008,-0.167669958853,0.344282617368,12.4915190556,0.0926033321447,0.07847590015,0.0,-0.385939877072,0.734038372617,3.09316784537,0.0688364212861,0.14850371967,0.0,445.93715105365357,447.1379460295187,448.2919973890252,448.1390006600409
1.5000000000000009,-0.192727116379,0.390522935353,12.6830121508,0.0968474913212,0.087173387835,0.0,-0.45028055097,0.807721499529,3.28921569348,0.074285725225,0.13671897214,0.0,478.06240613088266,477.18155992015386,476.74869745047914,477.168330429859
1.560000000000001,-0.221430201745,0.44082443805,12.8815693589,0.101194433436,0.0952109506907,0.0,-0.507236383058,0.869374480494,3.32909036749,0.0684987151982,0.127781043779,0.0,430.7888169234059,430.0494832084801,430.5726755873785,430.0870308165185
1.620000000000001,-0.254125178748,0.495347743238,13.0868471103,0.105314640496,0.10263283741,0.0,-0.583407800345,0.948458514867,3.51275892472,0.0690105641366,0.113946531257,0.0,476.59491664488775,475.5489954942586,475.28888715879816,475.3313425193046
1.680000000000001,-0.29115677857,0.554297990247,13.2992694809,0.109307619007,0.109197381868,0.0,-0.65160206711,1.01689498998,3.56764898253,0.0611103138251,0.0983043253165,0.0,437.9062610533859,436.61373346843766,437.927260882892,437.27294795958994
1.740000000000001,-0.332651230139,0.617671018943,13.5171754196,0.113529341826,0.11499100733,0.0,-0.732121143859,1.09588902558,3.69528708716,0.0843548907495,0.0928252475434,0.0,461.35378759278285,460.92853836124846,460.0155859328887,461.85608934671166
1.8000000000000012,-0.379104504297,0.685879334736,13.74273792,0.119592313974,0.120502022629,0.0,-0.816858542072,1.17824522331,3.82281676981,0.122373923375,0.0898267931441,0.0,462.3586784506612,462.1291133101515,460.7984520641866,463.8020868956629
1.8600000000000012,-0.430899648043,0.759299029461,13.9770430438,0.127011248355,0.12587653312,0.0,-0.91017425247,1.26979751995,3.98651008647,0.126081818197,0.0890674892377,0.0,474.0899609821641,474.03776300666084,474.9715372881679,475.26861085910065
1.9200000000000013,-0.488246213564,0.838204765757,14.2198030238,0.135145673453,0.131285751983,0.0,-1.00188375403,1.36112787979,4.10476956312,0.149837451035,0.0922405643514,0.0,462.70977920125324,462.9659719595053,461.35930014937736,463.2470867859827
1.9800000000000013,-0.551056039346,0.922601394559,14.4684457333,0.144116714087,0.137126227401,0.0,-1.09229829403,1.45289807963,4.18270596887,0.14887013172,0.105965761696,0.0,451.13385970145333,452.2486970933087,451.4655091504704,451.4080751500042
2.0400000000000014,-0.61973700807,1.01301760429,14.7240240096,0.154017645161,0.14312265492,0.0,-1.19766278645,1.56188371763,4.335578234,0.185866887926,0.0838111769208,0.0,476.6152667253833,474.9265607073074,474.69473187693217,477.54843078922045
2.1000000000000014,-0.693356281503,1.10857133024,14.9784020753,0.165151817764,0.14833255936,0.0,-1.2567219827,1.62397204743,4.14415822177,0.184969079399,0.0922723708128,0.0,360.1968698040654,361.05980319871105,360.2254693925228,360.17689298491064
2.1600000000000015,-0.771743809042,1.20925869758,15.2288541916,0.176236099932,0.15388384555,0.0,-1.35668792755,1.73323744354,4.20358120415,0.184272629452,0.093014615033,0.0,447.2706256709987,447.33823587099425,449.46672492835904,449.44294520455446
2.2200000000000015,-0.856199725409,1.31666224492,15.4825505332,0.187268142544,0.15961490701,0.0,-1.45900721092,1.84781662768,4.25230610637,0.18304559038,0.100101707379,0.0,445.4215221442441,446.0085081249009,447.1248803415096,447.0574321754178
2.2800000000000016,-0.947386733307,1.43169501741,15.7419941613,0.198243586484,0.165888040669,0.0,-1.581122007,1.98759629758,4.39467256911,0.182680278134,0.112222312288,0.0,476.34281664315495,477.27754386260546,477.402581016138,477.40457161585357
2.3400000000000016,-1.04653120681,1.55591641585,16.0127203976,0.209614913732,0.172165010534,0.0,-1.72431159852,2.15416502714,4.62785739909,0.20053145541,0.0816121615414,0.0,507.35961817110086,505.16461933437546,505.4933703707707,506.80807660371045
2.4000000000000017,-1.15370929679,1.68955055317,16.2933755323,0.221146021275,0.176854552116,0.0,-1.84868518038,2.30130986638,4.72624041736,0.165022795832,0.070165408058,0.0,469.82867975139345,468.94470196111877,470.7893740315635,468.0662145853817
2.4600000000000017,-1.26761652828,1.83120442245,16.575331781,0.231470922187,0.180955147332,0.0,-1.94858212472,2.42122859436,4.67202725546,0.183375135271,0.0644264662365,0.0,421.89474647858015,421.4026483002273,420.9618715802487,422.5770480315967
2.520000000000002,-1.3875979905,1.98022103323,16.8540274296,0.242036575789,0.184441285206,0.0,-2.0511245984,2.5467817775,4.61751593866,0.154715534047,0.040814396894,0.0,423.4908993540047,421.45704632028406,423.324777854232,420.8819244167724
2.580000000000002,-1.51381221779,2.13694874841,17.1295068705,0.25128974166,0.187137681136,0.0,-2.1562530206,2.67813158627,4.56484570641,0.153209617675,0.0521229854461,0.0,422.9845861757214,423.9587756010344,423.7860086485263,423.6802614044858
2.640000000000002,-1.64721007848,2.30277566883,17.4059672916,0.261148321679,0.189840882908,0.0,-2.29054295248,2.85012100234,4.64945349501,0.180347929583,0.0246124513136,0.0,469.6856473748039,467.5478303876003,469.485775150446,471.61048190823954
2.700000000000002,-1.78809198712,2.4782574451,17.6842697175,0.272089119293,0.190927902893,0.0,-2.40563337296,3.00004662936,4.62676999766,0.186065730645,0.000133483819505,0.0,438.13104837099286,436.0906752128143,436.4399295263926,436.9497627299056
2.760000000000002,-1.93540729739,2.66221217642,17.9586837384,0.283500285278,0.190741472381,0.0,-2.50495580256,3.13255622701,4.520279304,0.19735305812,-0.0105378874232,0.0,408.3301174924478,407.37687412508336,409.065984927463,410.10847338310265
2.820000000000002,-2.0889835219,2.85469896475,18.2281220774,0.295616559695,0.190621652714,0.0,-2.61426272514,3.28450302052,4.46061616193,0.2098019694,0.0111616304272,0.0,424.99851816770814,426.85473871768903,424.87701576186333,425.9849395815917
2.880000000000002,-2.24936096973,3.05682702364,18.4950501828,0.308139890161,0.192263379579,0.0,-2.7317559827,3.4539593333,4.43631938977,0.206474228932,0.0482792193817,0.0,438.144933736041,441.2207949126732,438.19901332890873,437.96581092347253
2.940000000000002,-2.41701111784,3.26959052904,18.7613090732,0.320721396075,0.194846804388,0.0,-2.85679002566,3.63898164758,4.4380823317,0.215445517686,0.0297574887503,0.0,450.72891928875777,449.23023246055817,448.2016670135547,448.97305860135685
3.000000000000002,-2.59246799134,3.49405701222,19.0287851534,0.333749499371,0.1964728269,0.0,-2.99185266624,3.84408625795,4.47663174011,0.220310892252,0.0211728359591,0.0,463.4701770035663,462.79498267747994,463.5605339730804,463.987171934172
3.0600000000000023,-2.77599774406,3.73092863982,19.2981299125,0.346553155813,0.198164448058,0.0,-3.12587189091,4.05245749794,4.5003975399,0.193684994728,0.0394498472693,0.0,460.35865101465663,461.803040681215,462.3102962709987,460.24959450472915
3.1200000000000023,-2.96746279715,3.98024165724,19.5680860002,0.358199948088,0.200382759251,0.0,-3.25645045467,4.25862908601,4.49715604183,0.194954801773,0.0314889739441,0.0,455.12278510414336,454.4856340637519,454.5236563845325,454.6612661046365
3.1800000000000024,-3.16588578234,4.24048742987,19.833486359,0.370118919421,0.202047646392,0.0,-3.35788460014,4.41691779267,4.34939126564,0.20515968599,0.0189594750143,0.0,405.99558876424743,404.86983267836877,405.2755891789709,406.2345857529261
3.2400000000000024,-3.37084447047,4.51109031998,20.0918321503,0.382544799431,0.203491758063,0.0,-3.47421373026,4.60386413597,4.2615846539,0.210711291604,0.0327099180458,0.0,426.9718129700851,428.1436868046962,428.4066231370382,428.9223596105193
3.3000000000000025,-3.58349000171,4.79427318045,20.3478185192,0.395476340885,0.205346685923,0.0,-3.61406025776,4.8362082162,4.27005212252,0.223726940396,0.027061344756,0.0,463.10227444185955,462.6579421566899,462.4192906877321,463.48727346889075
3.3600000000000025,-3.8040368042,5.0905901966,20.6018253787,0.409069804931,0.206571490191,0.0,-3.73762512588,5.04172304962,4.19605183551,0.23168176714,0.00180168688962,0.0,438.3945380475961,436.2901249284682,436.95716306770225,437.67173619425824
3.4200000000000026,-4.03252059471,5.40034503988,20.8534408872,0.423265079562,0.207259058109,0.0,-3.87845770943,5.28412061732,4.18983651515,0.244921651676,0.0259255009292,0.0,462.5219721542412,464.4183422489985,461.58084680927453,462.67795677002994
3.4800000000000026,-4.26898487119,5.72386264994,21.1023878916,0.438455123262,0.209071154018,0.0,-4.00381290306,5.50052450046,4.10746723098,0.265945347593,0.037613943241,0.0,439.1079786627033,440.0770854337788,438.1646673239273,439.97389094130085
3.5400000000000027,-4.513061981,6.06063875595,21.3464624228,0.454166997846,0.211840628844,0.0,-4.13226353095,5.72607213133,4.02726786017,0.252134055028,0.0593164253618,0.0,441.4045282783118,443.19356381577666,443.2300634606255,442.16238648977776
3.6000000000000028,-4.76479978901,6.41090684432,21.5851413366,0.468900126496,0.215447603411,0.0,-4.25925195524,5.95013717185,3.92769957317,0.227271731768,0.0616690573855,0.0,438.52645402463725,438.7244913121787,438.60503324112096,436.5954205231684
3.660000000000003,-5.02398539327,6.77426713228,21.8167399258,0.482217897002,0.219171997705,0.0,-4.38056115615,6.16236091808,3.79153921051,0.208401276017,0.0628692259265,0.0,426.42047434577955,426.52596170841286,428.03598440099296,426.4772152153916
3.720000000000003,-5.29190393753,7.15335696152,22.0455474462,0.494642891309,0.22343932781,0.0,-4.55020597267,6.47406133425,3.83334761361,0.204312616996,0.0839258585353,0.0,490.5627222421529,492.12739861542826,492.176470297549,491.9113077563708
3.780000000000003,-5.56866955665,7.54830162662,22.2711795683,0.506694652128,0.228464582094,0.0,-4.67568165678,6.69105476189,3.6870059689,0.192888071702,0.0834089972352,0.0,429.2069039510122,429.16902249349766,430.246102671438,429.31839096005507
3.840000000000003,-5.85345539049,7.95719055191,22.4894497423,0.517868092538,0.23358721027,0.0,-4.81750086048,6.93867420018,3.58758481181,0.167587888095,0.0890460998325,0.0,448.7281873320925,449.191590538279,449.9864497579753,447.9658197489093
3.900000000000003,-6.1461321273,8.37952314391,22.6990527153,0.529314561399,0.239073721167,0.0,-4.93880386194,7.13927933476,3.39875485257,0.216862988353,0.0958448629986,0.0,416.4869648269968,417.08897944945767,415.5581306196306,419.8918992103206
3.960000000000003,-6.44709652569,8.815857649,22.9004873538,0.542406140892,0.244712674383,0.0,-5.09364677325,7.40524258533,3.31429088518,0.220724002012,0.0899735749604,0.0,459.1490296367906,458.69001954896015,458.31940896603487,458.671716532389
4.020000000000002,-6.75682739184,9.26695109157,23.0945747363,0.555923846024,0.249947507619,0.0,-5.23104696017,7.6313662008,3.15437944413,0.23313730823,0.0811497015556,0.0,435.3997202874194,434.6670738716066,431.77533096790535,432.8733350331749
4.080000000000001,-7.07558135733,9.73312421713,23.2812472391,0.570615445933,0.254963764908,0.0,-5.39427819468,7.90773038574,3.06640406459,0.261542412192,0.0881070756858,0.0,463.34281942698954,463.89500036397766,462.48419246705004,464.77287627976017
4.14,-7.40294140659,10.2133369475,23.4583645358,0.586510343028,0.259976415819,0.0,-5.51806860463,8.09967881359,2.83691023192,0.270913936398,0.0723583921096,0.0,412.4776393171554,411.09017020326377,411.8214627991568,412.7264061541548
4.199999999999998,-7.73883261718,10.707292485,23.6248228023,0.602376066461,0.264384126012,0.0,-5.67843856456,8.36552995974,2.71013460229,0.246546940053,0.0755809785753,0.0,455.80145301509503,456.0630484848017,455.64824337622,453.76343031247706
4.259999999999997,-8.08359290117,11.2155569891,23.7810009312,0.617432180321,0.268608250317,0.0,-5.81383037802,8.57673430108,2.49503822075,0.258503391804,0.0572507681983,0.0,423.7322611301448,422.1569010918915,423.911037214438,425.0037245737676
4.319999999999996,-8.43696018928,11.737434799,23.9254018839,0.632501695927,0.271560399515,0.0,-5.96519175409,8.81916560616,2.31717508392,0.229500328445,0.0237738324546,0.0,443.47639445667545,440.71840338760353,441.80506194479153,439.4692566356567
4.379999999999995,-8.79997414748,12.2750141095,24.0604970486,0.646742406611,0.273088229557,0.0,-6.13518278624,9.09985910304,2.18454262746,0.249630868094,0.0286456246913,0.0,461.7651714362636,462.14954727444746,462.1484553737408,463.78612223912313
4.439999999999993,-9.17354638636,12.8301910766,24.1884057353,0.661770990136,0.274401322348,0.0,-6.31703427839,9.40561297435,2.07722426881,0.252112578923,0.00279676503596,0.0,476.216733535911,474.23468663638425,477.37633763911396,477.6238683995981
4.499999999999992,-9.55795706733,13.4035680552,24.3094294629,0.677623053818,0.274842455649,0.0,-6.49638135498,9.7065379192,1.95509548786,0.281256443614,0.0151846077441,0.0,475.43443766033164,476.38286082461906,473.7389285774723,476.03951690399003
4.559999999999991,-9.95197848557,13.9924723755,24.4197320951,0.694469727557,0.275782556497,0.0,-6.63767763408,9.92357437061,1.72074953417,0.279805594143,0.0166186431789,0.0,433.6965820908055,433.8169711381597,434.20959901391456,434.16972205451265
4.6199999999999894,-10.3554392536,14.5965637779,24.5183868309,0.710900855601,0.276946583792,0.0,-6.81078461212,10.2123181801,1.56596204327,0.258026309762,0.0244523011907,0.0,469.8122684869358,470.4194282983126,471.3711096340739,469.7550654455343
4.679999999999988,-10.7675943133,15.2140781963,24.6030248539,0.726056815536,0.278273146293,0.0,-6.92793403781,10.3715905995,1.25516863696,0.238641994543,0.0169557464196,0.0,406.7760532043361,406.10392120052535,406.6950923620125,405.02457458039487
4.739999999999987,-11.1889815302,15.8461940673,24.6746284093,0.741146872975,0.279136308554,0.0,-7.11794589931,10.6979829716,1.12958292043,0.269328347106,0.00867540359277,0.0,488.50980848248963,487.89161395712836,487.0695635558245,489.4159377492564
4.799999999999986,-11.6203072955,16.4944314868,24.7347247033,0.757380823652,0.279393260566,0.0,-7.2595450969,10.9096492393,0.872795611997,0.272927326335,-0.00639690229316,0.0,437.9520932217292,436.696016786505,437.5092346005005,437.8840341409174
4.859999999999984,-12.0602644195,17.1556585845,24.7796135468,0.773536412991,0.279230997209,0.0,-7.40558781722,11.1308702219,0.622565456093,0.260697141192,0.00381248428574,0.0,441.5315680384609,442.3734912608794,444.6895497640368,443.7591999272642
4.919999999999983,-12.5083603545,17.8285972607,24.8077999725,0.78934770288,0.279513129341,0.0,-7.53103224799,11.3002576889,0.31664758951,0.268633378509,0.00642484958829,0.0,419.1730785503697,419.40006623178334,418.980663643888,419.74479113480015
4.979999999999982,-12.9662420774,18.5172235578,24.8230448029,0.805451973742,0.279978648952,0.0,-7.73111756873,11.6525222556,0.189075567686,0.267943878801,0.0103011508933,0.0,501.381883013064,501.66341835367945,502.06598541023305,502.07956765710014
5.0399999999999805,-13.4357946287,19.2261413404,24.8296204178,0.822352806901,0.28041652425,0.0,-7.92011713191,11.9767050618,0.0278891032494,0.300350626277,0.000488877156233,0.0,495.5625137137088,494.84031007499595,492.32661626536515,494.789668651533
